Direction: DOWN_RIGHT
Monster: 300.0
LevelHeight: 142.12848
RectPath: 0.0 -125.0 700.0 1089.7432 false
Zone: 700.0 300.0 938.8715 61.128464 1022.1285 262.12848 700.0 584.25696 DOWNDIAG
RectPath: 700.0 584.25696 322.12848 455.4862 false
TriPath: 700.0 584.25696 1022.1285 584.25696 1022.1285 262.12848 false
TriPath: 700.0 300.0 700.0 61.128464 938.8715 61.128464 true
RectPath: 700.0 -200.0 238.87152 261.12848 true
Zone: 938.8715 61.128464 1223.1285 61.128464 1022.1285 262.12848 737.8715 262.12848 CHANGEDIRE
Zone: 938.8715 61.128464 2025.3853 61.128464 1942.1284 262.12848 1022.1285 262.12848 RIGHT
RectPath: 938.8715 -200.0 1086.5137 261.12848 true
RectPath: 1022.1285 262.12848 919.99994 777.6147 false
Zone: 1741.1284 61.128418 2025.3853 61.128418 2226.3853 262.12842 1942.1284 262.12842 CHANGEDIRE
Zone: 1942.1284 262.12848 2025.3853 61.128464 2344.2568 380.0 2261.0 581.00006 UPDIAG
RectPath: 1942.1284 581.00006 318.87158 458.7431 false
TriPath: 1942.1284 262.12848 1942.1284 581.00006 2261.0 581.00006 false
TriPath: 2025.3853 61.128464 2344.2568 61.128464 2344.2568 380.0 true
RectPath: 2025.3853 -200.0 318.87158 261.12848 true
Zone: 2060.0 380.0 2344.2568 380.0 2545.2568 581.00006 2261.0 581.00006 CHANGEDIRE
Zone: 2344.2568 380.0 2607.5137 380.0 2524.2568 581.00006 2261.0 581.00006 RIGHT
RectPath: 2261.0 581.00006 263.25684 458.7431 false
RectPath: 2344.2568 -200.0 263.25684 580.0 true
Zone: 2323.2568 380.0 2607.5137 380.0 2808.5137 581.0 2524.2568 581.0 CHANGEDIRE
Zone: 2524.2568 581.00006 2607.5137 380.0 2846.3853 618.8715 2763.1284 819.8716 UPDIAG
RectPath: 2524.2568 819.8716 238.87158 219.87158 false
TriPath: 2524.2568 581.00006 2524.2568 819.8716 2763.1284 819.8716 false
TriPath: 2607.5137 380.0 2846.3853 380.0 2846.3853 618.8715 true
RectPath: 2607.5137 -200.0 238.87158 580.0 true
Zone: 2562.1284 618.8715 2846.3853 618.8715 3047.3853 819.8716 2763.1284 819.8716 CHANGEDIRE
Zone: 2846.3853 618.8715 2866.3853 618.8715 2949.6423 819.8716 2763.1284 819.8716 RIGHT
RectPath: 2763.1284 819.8716 186.51392 219.87158 false
RectPath: 2846.3853 -200.0 20.0 818.8715 true
Zone: 2866.3853 618.8716 3150.6423 618.8716 2949.6423 819.8716 2665.3853 819.8716 CHANGEDIRE
Zone: 3085.2568 400.0 3168.5137 601.0002 2949.6423 819.8716 2866.3853 618.8715 DOWNDIAG
Zone: 3085.2568 400.0 3369.514 400.0 3168.5137 601.0002 2884.2566 601.0002 CHANGEDIRE
RectPath: 2866.3853 -200.0 218.87158 600.0 true
TriPath: 2866.3853 618.8715 2866.3853 400.0 3085.2568 400.0 true
TriPath: 2949.6423 819.8716 3168.5137 819.8716 3168.5137 601.0002 false
RectPath: 2949.6423 819.8716 218.87134 219.87158 false
Zone: 3085.2568 400.0 3900.0 400.0 3900.0 601.0002 3168.5137 601.0002 RIGHT
Zone: 3085.2568 400.0 3369.514 400.0 3168.5137 601.0002 2884.2566 601.0002 CHANGEDIRE
RectPath: 3085.2568 -200.0 814.74316 600.0 true
RectPath: 3168.5137 601.0002 731.4863 438.74298 false
TopOfLevel: 889.74316
BottomOfLevel: -50.0
