Direction: RIGHT
Monster: 240.0
LevelHeight: 221.0
RectPath: 0.0 -129.72943 700.0 1249.2715 false
Zone: 700.0 240.0 900.0 240.0 991.54126 461.0 700.0 461.0 RIGHT
RectPath: 700.0 -204.72943 200.0 444.72943 true
RectPath: 700.0 461.0 291.54126 733.542 false
Zone: 900.0 240.0 1212.5413 240.0 991.54126 461.0 679.0 461.0 CHANGEDIRE
Zone: 1144.7295 -4.729431 1236.2706 216.27058 991.54126 461.0 900.0 240.0 DOWNDIAG
RectPath: 900.0 -204.72943 244.72949 200.0 true
TriPath: 900.0 240.0 900.0 -4.729431 1144.7295 -4.729431 true
TriPath: 991.54126 461.0 1236.2706 461.0 1236.2706 216.27058 false
RectPath: 991.54126 461.0 244.72937 733.542 false
Zone: 1144.7295 -4.729431 1457.2708 -4.729431 1236.2706 216.27058 923.72943 216.27058 CHANGEDIRE
Zone: 1144.7295 -4.729431 1367.8118 -4.729431 1276.2706 216.27058 1236.2706 216.27058 RIGHT
RectPath: 1144.7295 -204.72943 223.08228 200.0 true
RectPath: 1236.2706 216.27058 40.0 978.2714 false
Zone: 1055.2705 -4.729492 1367.8118 -4.729492 1588.8119 216.27063 1276.2706 216.27063 CHANGEDIRE
Zone: 1367.8118 -4.729431 1532.5413 159.99998 1441.0 381.00006 1276.2706 216.27058 UPDIAG
RectPath: 1276.2706 381.00006 164.72937 813.54193 false
TriPath: 1276.2706 216.27058 1276.2706 381.00006 1441.0 381.00006 false
TriPath: 1367.8118 -4.729431 1532.5413 -4.729431 1532.5413 159.99998 true
RectPath: 1367.8118 -204.72943 164.72949 200.0 true
Zone: 1220.0 159.99998 1532.5413 159.99998 1753.5413 381.00006 1441.0 381.00006 CHANGEDIRE
Zone: 1532.5413 159.99998 1904.0825 159.99998 1812.5413 381.00006 1441.0 381.00006 RIGHT
RectPath: 1441.0 381.00006 371.54126 813.54193 false
RectPath: 1532.5413 -204.72943 371.54126 364.72943 true
Zone: 1591.5411 160.0 1904.0825 160.0 2125.0825 381.0 1812.5413 381.00012 CHANGEDIRE
Zone: 1812.5413 381.00006 1904.0825 159.99998 2328.812 584.7295 2328.812 897.271 UPDIAG
RectPath: 1812.5413 897.271 516.27075 297.271 false
TriPath: 1812.5413 381.00006 1812.5413 897.271 2328.812 897.271 false
TriPath: 1904.0825 159.99998 2328.812 159.99998 2328.812 584.7295 true
RectPath: 1904.0825 -204.72943 424.7295 364.72943 true
Zone: 2328.812 584.7295 2485.0828 741.00024 2328.812 897.271 2172.5413 741.00024 CHANGEDIRE
Zone: 2328.812 584.7295 2433.5415 480.0001 2525.0828 701.0003 2328.812 897.271 DOWNDIAG
RectPath: 2328.812 897.271 196.27075 297.271 false
TriPath: 2328.812 897.271 2525.0828 897.271 2525.0828 701.0003 false
TriPath: 2328.812 584.7295 2328.812 480.0001 2433.5415 480.0001 true
RectPath: 2328.812 -204.72943 104.72949 684.7295 true
Zone: 2433.5415 480.0001 2746.083 480.0001 2525.0828 701.0003 2212.5413 701.0003 CHANGEDIRE
Zone: 2433.5415 480.0001 2705.0828 480.0001 2796.6243 701.0003 2525.0828 701.0003 RIGHT
RectPath: 2433.5415 -204.72943 271.54126 684.7295 true
RectPath: 2525.0828 701.0003 271.5415 493.5417 false
Zone: 2705.0828 480.0 3017.6245 480.0 2796.6243 701.00024 2484.0825 701.00024 CHANGEDIRE
Zone: 3089.812 95.27081 3181.3535 316.27112 2796.6243 701.0003 2705.0828 480.0001 DOWNDIAG
Zone: 3089.812 95.27081 3402.3538 95.27081 3181.3535 316.27112 2868.8115 316.27112 CHANGEDIRE
RectPath: 2705.0828 -204.72943 384.72925 300.00024 true
TriPath: 2705.0828 480.0001 2705.0828 95.27081 3089.812 95.27081 true
TriPath: 2796.6243 701.0003 3181.3535 701.0003 3181.3535 316.27112 false
RectPath: 2796.6243 701.0003 384.72925 493.5417 false
Zone: 3089.812 95.27081 3900.0 95.27081 3900.0 316.27112 3181.3535 316.27112 RIGHT
Zone: 3089.812 95.27081 3402.3538 95.27081 3181.3535 316.27112 2868.8115 316.27112 CHANGEDIRE
RectPath: 3089.812 -204.72943 810.188 300.00024 true
RectPath: 3181.3535 316.27112 718.6465 878.2709 false
TopOfLevel: 1044.542
BottomOfLevel: -54.72943
