Direction: DOWN_RIGHT
Monster: 300.0 410.30865
TopOfLevel: 800.0
BottomOfLevel: 0.0
RectPath: 0.0 -200.0 700.0 1050.0 false
RectPath: 0.0 0.0 700.0 1000.0 false
Zone: 925.69135 74.308655 769.69135 230.30865 1146.3086 74.308655 990.30865 230.30865 CHANGEDIRE
Zone: 700.0 300.0 925.69135 74.308655 990.30865 230.30865 700.0 520.6173 DOWNDIAG
RectPath: 700.0 520.6173 290.30865 479.3827 false
TriPath: 700.0 520.6173 990.30865 520.6173 990.30865 230.30865 false
TriPath: 700.0 300.0 700.0 74.308655 925.69135 74.308655 true
RectPath: 700.0 700.0 225.69135 274.30865 true
Zone: 925.69135 74.308655 769.69135 230.30865 1146.3086 74.308655 990.30865 230.30865 CHANGEDIRE
Zone: 1554.9258 74.308655 1710.9258 230.30865 1334.3086 74.308655 1490.3086 230.30865 CHANGEDIRE
Zone: 925.69135 74.308655 1554.9258 74.308655 1490.3086 230.30865 990.30865 230.30865 RIGHT
RectPath: 925.69135 700.0 629.23444 274.30865 true
RectPath: 990.30865 230.30865 499.99994 769.69135 false
Zone: 1554.9258 74.30859 1710.9258 230.3086 1334.3086 74.308716 1490.3086 230.30872 CHANGEDIRE
Zone: 1820.6172 340.0 1710.3086 450.3086 1930.9258 450.3086 1820.6172 560.6172 CHANGEDIRE
Zone: 1554.9258 74.308655 1820.6172 340.0 1820.6172 560.6172 1490.3086 230.30865 UPDIAG
RectPath: 1490.3086 560.6172 330.3086 439.3828 false
TriPath: 1490.3086 230.30865 1490.3086 560.6172 1820.6172 560.6172 false
TriPath: 1554.9258 74.308655 1820.6172 74.308655 1820.6172 340.0 true
RectPath: 1554.9258 700.0 265.6914 274.30865 true
Zone: 1820.6172 340.0 1710.3086 450.3086 1930.9258 450.3086 1820.6172 560.6172 CHANGEDIRE
Zone: 2110.9258 49.691406 2221.2344 160.0 2000.6172 160.0 2110.9258 270.3086 CHANGEDIRE
Zone: 1820.6172 340.0 2110.9258 49.691406 2110.9258 270.3086 1820.6172 560.6172 DOWNDIAG
RectPath: 1820.6172 560.6172 290.3086 439.3828 false
TriPath: 1820.6172 560.6172 2110.9258 560.6172 2110.9258 270.3086 false
TriPath: 1820.6172 340.0 1820.6172 49.691406 2110.9258 49.691406 true
RectPath: 1820.6172 700.0 290.3086 249.6914 true
Zone: 2110.9258 49.691406 2221.2344 160.0 2000.6172 160.0 2110.9258 270.3086 CHANGEDIRE
Zone: 2541.2344 480.0 2697.2344 635.9999 2320.6172 480.0 2476.6172 635.9999 CHANGEDIRE
Zone: 2110.9258 49.691406 2541.2344 480.0 2476.6172 635.9999 2110.9258 270.3086 UPDIAG
RectPath: 2110.9258 635.9999 365.6914 364.00012 false
TriPath: 2110.9258 270.3086 2110.9258 635.9999 2476.6172 635.9999 false
TriPath: 2110.9258 49.691406 2541.2344 49.691406 2541.2344 480.0 true
RectPath: 2110.9258 700.0 430.3086 249.6914 true
Zone: 2541.2344 480.0 2697.2344 635.9999 2320.6172 480.0 2476.6172 635.9999 CHANGEDIRE
Zone: 2841.2344 480.0 2685.2344 635.9999 3061.8516 480.0 2905.8516 635.9999 CHANGEDIRE
Zone: 2541.2344 480.0 2841.2344 480.0 2905.8516 635.9999 2476.6172 635.9999 RIGHT
RectPath: 2476.6172 635.9999 429.23438 364.00012 false
RectPath: 2541.2344 700.0 300.0 680.0 true
Zone: 2841.2344 480.0 2685.2344 636.0 3061.8516 480.0 2905.8516 636.0 CHANGEDIRE
Zone: 2841.2344 480.0 3066.9258 254.30869 3131.543 410.30856 2905.8516 635.9999 DOWNDIAG
RectPath: 2841.2344 700.0 225.6914 454.3087 true
TriPath: 2841.2344 480.0 2841.2344 254.30869 3066.9258 254.30869 true
TriPath: 2905.8516 635.9999 3131.543 635.9999 3131.543 410.30856 false
RectPath: 2905.8516 635.9999 225.6914 364.00012 false
Zone: 3066.9258 254.30869 3900.0 254.30869 3900.0 410.30856 3131.543 410.30856 RIGHT
RectPath: 3066.9258 700.0 833.0742 454.3087 true
RectPath: 3131.543 410.30856 768.45703 589.6914 false
