Direction: UP_RIGHT
Monster: 376.73804
LevelHeight: 185.26196
RectPath: 0.0 -264.99997 700.0 1324.5239 false
Zone: 700.0 191.47607 1065.262 556.73804 956.73804 818.73804 700.0 562.0 UPDIAG
RectPath: 700.0 818.73804 256.73804 315.7859 false
TriPath: 700.0 562.0 700.0 818.73804 956.73804 818.73804 false
TriPath: 700.0 191.47607 1065.262 191.47607 1065.262 556.73804 true
RectPath: 700.0 -339.99997 365.26196 531.4761 true
Zone: 694.73804 556.73804 1065.262 556.73804 1327.262 818.73804 956.73804 818.73804 CHANGEDIRE
Zone: 1065.262 556.73804 1085.262 556.73804 1193.7859 818.73804 956.73804 818.73804 RIGHT
RectPath: 956.73804 818.73804 237.04785 315.7859 false
RectPath: 1065.262 -339.99997 20.0 896.73804 true
Zone: 1085.262 556.73804 1455.7859 556.73804 1193.7859 818.73804 823.26196 818.73804 CHANGEDIRE
Zone: 1530.5239 111.476074 1530.5239 482.0 1193.7859 818.73804 1085.262 556.73804 DOWNDIAG
RectPath: 1085.262 -339.99997 445.26196 451.47604 true
TriPath: 1085.262 556.73804 1085.262 111.476074 1530.5239 111.476074 true
TriPath: 1193.7859 818.73804 1530.5239 818.73804 1530.5239 482.0 false
RectPath: 1193.7859 818.73804 336.73804 315.7859 false
Zone: 1530.5239 111.476074 1715.7859 296.73804 1530.5239 482.0 1345.262 296.73804 CHANGEDIRE
Zone: 1530.5239 482.0 1530.5239 111.476074 1915.7859 496.73804 1915.7859 867.26196 UPDIAG
RectPath: 1530.5239 867.26196 385.26196 267.26196 false
TriPath: 1530.5239 482.0 1530.5239 867.26196 1915.7859 867.26196 false
TriPath: 1530.5239 111.476074 1915.7859 111.476074 1915.7859 496.73804 true
RectPath: 1530.5239 -339.99997 385.26196 451.47604 true
Zone: 1915.7859 496.73804 2101.0479 682.0 1915.7859 867.26196 1730.5239 682.0 CHANGEDIRE
Zone: 2552.524 -139.99997 2661.0479 122.0 1915.7859 867.26196 1915.7859 496.73804 DOWNDIAG
RectPath: 1915.7859 867.26196 745.26196 267.26196 false
TriPath: 1915.7859 867.26196 2661.0479 867.26196 2661.0479 122.0 false
TriPath: 1915.7859 496.73804 1915.7859 -139.99997 2552.524 -139.99997 true
RectPath: 1915.7859 -339.99997 636.73804 200.0 true
Zone: 2552.524 -139.99997 2923.0479 -139.99997 2661.0479 122.0 2290.524 122.0 CHANGEDIRE
Zone: 2552.524 -139.99997 2849.5718 -139.99997 2741.0479 122.0 2661.0479 122.0 RIGHT
RectPath: 2552.524 -339.99997 297.04785 200.0 true
RectPath: 2661.0479 122.0 80.0 1012.5239 false
Zone: 2479.0479 -140.0 2849.5718 -140.0 3111.5718 122.0 2741.0479 122.0 CHANGEDIRE
Zone: 2741.0479 122.0 2849.5718 -139.99997 3206.3098 216.73805 3097.786 478.73804 UPDIAG
Zone: 2835.786 216.73805 3206.3098 216.73805 3468.3098 478.73804 3097.786 478.73804 CHANGEDIRE
RectPath: 2741.0479 478.73804 356.73804 655.7859 false
TriPath: 2741.0479 122.0 2741.0479 478.73804 3097.786 478.73804 false
TriPath: 2849.5718 -139.99997 3206.3098 -139.99997 3206.3098 216.73805 true
RectPath: 2849.5718 -339.99997 356.73804 200.0 true
Zone: 3206.3098 216.73805 3900.0 216.73805 3900.0 478.73804 3097.786 478.73804 RIGHT
Zone: 2835.786 216.73805 3206.3098 216.73805 3468.3098 478.73804 3097.786 478.73804 CHANGEDIRE
RectPath: 3097.786 478.73804 802.2141 655.7859 false
RectPath: 3206.3098 -339.99997 693.6902 556.73804 true
TopOfLevel: 984.5239
BottomOfLevel: -189.99997
