Direction: DOWN_RIGHT
Monster: 300.0
LevelHeight: 178.19092
RectPath: 0.0 -183.19092 700.0 1380.9546 false
Zone: 1058.1909 -58.190918 1058.1909 298.19092 700.0 656.38184 700.0 300.0 DOWNDIAG
RectPath: 700.0 656.38184 358.19092 616.38184 false
TriPath: 700.0 656.38184 1058.1909 656.38184 1058.1909 298.19092 false
TriPath: 700.0 300.0 700.0 -58.190918 1058.1909 -58.190918 true
RectPath: 700.0 -258.19092 358.19092 200.0 true
Zone: 1058.1909 -58.190918 1236.3818 120.0 1058.1909 298.19092 880.0 120.0 CHANGEDIRE
Zone: 1058.1909 298.19092 1058.1909 -58.190918 1696.3818 580.0 1696.3818 936.38184 UPDIAG
RectPath: 1058.1909 936.38184 638.1909 336.38184 false
TriPath: 1058.1909 298.19092 1058.1909 936.38184 1696.3818 936.38184 false
TriPath: 1058.1909 -58.190918 1696.3818 -58.190918 1696.3818 580.0 true
RectPath: 1058.1909 -258.19092 638.1909 200.0 true
Zone: 1696.3818 580.0 1874.5728 758.1909 1696.3818 936.38184 1518.1909 758.1909 CHANGEDIRE
Zone: 1696.3818 580.0 1850.1909 426.19092 1954.5728 678.1909 1696.3818 936.38184 DOWNDIAG
RectPath: 1696.3818 936.38184 258.19092 336.38184 false
TriPath: 1696.3818 936.38184 1954.5728 936.38184 1954.5728 678.1909 false
TriPath: 1696.3818 580.0 1696.3818 426.19092 1850.1909 426.19092 true
RectPath: 1696.3818 -258.19092 153.80908 684.38184 true
Zone: 1850.1909 426.19092 2206.5728 426.19092 1954.5728 678.1909 1598.1909 678.1909 CHANGEDIRE
Zone: 1850.1909 426.19092 2378.9546 426.19092 2274.5728 678.1909 1954.5728 678.1909 RIGHT
RectPath: 1850.1909 -258.19092 528.7637 684.38184 true
RectPath: 1954.5728 678.1909 320.0 594.57275 false
Zone: 2022.5728 426.19092 2378.9546 426.19092 2630.9546 678.1909 2274.5728 678.1909 CHANGEDIRE
Zone: 2274.5728 678.1909 2378.9546 426.19092 2632.7637 680.0 2528.3818 932.00006 UPDIAG
RectPath: 2274.5728 932.00006 253.80908 340.7636 false
TriPath: 2274.5728 678.1909 2274.5728 932.00006 2528.3818 932.00006 false
TriPath: 2378.9546 426.19092 2632.7637 426.19092 2632.7637 680.0 true
RectPath: 2378.9546 -258.19092 253.80908 684.38184 true
Zone: 2276.3818 680.0 2632.7637 680.0 2884.7637 932.00006 2528.3818 932.00006 CHANGEDIRE
Zone: 2632.7637 680.0 2672.7637 680.0 2777.1455 932.00006 2528.3818 932.00006 RIGHT
RectPath: 2528.3818 932.00006 248.76367 340.7636 false
RectPath: 2632.7637 -258.19092 40.0 938.1909 true
Zone: 2672.7637 680.0 3029.1455 680.0 2777.1455 932.0 2420.7637 932.0 CHANGEDIRE
Zone: 3106.5728 246.1909 3210.9546 498.19092 2777.1455 932.00006 2672.7637 680.0 DOWNDIAG
Zone: 3106.5728 246.1909 3462.9546 246.1909 3210.9546 498.19092 2854.5728 498.19092 CHANGEDIRE
RectPath: 2672.7637 -258.19092 433.80908 504.38184 true
TriPath: 2672.7637 680.0 2672.7637 246.1909 3106.5728 246.1909 true
TriPath: 2777.1455 932.00006 3210.9546 932.00006 3210.9546 498.19092 false
RectPath: 2777.1455 932.00006 433.80908 340.7636 false
Zone: 3106.5728 246.1909 3900.0 246.1909 3900.0 498.19092 3210.9546 498.19092 RIGHT
Zone: 3106.5728 246.1909 3462.9546 246.1909 3210.9546 498.19092 2854.5728 498.19092 CHANGEDIRE
RectPath: 3106.5728 -258.19092 793.42725 504.38184 true
RectPath: 3210.9546 498.19092 689.0454 774.57275 false
TopOfLevel: 1122.7637
BottomOfLevel: -108.19092
