Direction: DOWN_RIGHT
Monster: 300.0
LevelHeight: 147.07819
RectPath: 0.0 -227.07812 700.0 1227.2344 false
RectPath: 0.0 0.0 700.0 1150.1562 false
Zone: 1027.0781 -27.078125 1174.1562 120.0 1027.0781 267.0783 879.9999 120.00006 CHANGEDIRE
Zone: 1027.0781 -27.078125 1027.0781 267.0783 700.0 594.1564 700.0 300.0 DOWNDIAG
RectPath: 700.0 594.1564 327.07812 555.9999 false
TriPath: 700.0 594.1564 1027.0781 594.1564 1027.0781 267.0783 false
TriPath: 700.0 300.0 700.0 -27.078125 1027.0781 -27.078125 true
RectPath: 700.0 -227.07812 327.07812 200.0 true
Zone: 1099.9999 340.00006 1394.1562 340.00006 1602.1562 548.0 1307.9998 548.0 CHANGEDIRE
Zone: 1027.0781 267.0783 1027.0781 -27.078125 1394.1562 340.00006 1307.9998 548.0 UPDIAG
RectPath: 1027.0781 548.0 280.92163 602.15625 false
TriPath: 1027.0781 267.0783 1027.0781 548.0 1307.9998 548.0 false
TriPath: 1027.0781 -27.078125 1394.1562 -27.078125 1394.1562 340.00006 true
RectPath: 1027.0781 -227.07812 367.07812 200.0 true
Zone: 1426.1562 340.00006 1720.3125 340.00006 1928.3125 548.0 1634.1562 548.0 CHANGEDIRE
Zone: 1394.1562 340.00006 1720.3125 340.00006 1634.1562 548.0 1307.9998 548.0 RIGHT
RectPath: 1307.9998 548.0 326.1565 602.15625 false
RectPath: 1394.1562 -227.07812 326.15625 567.0782 true
Zone: 1667.0781 580.9218 1961.2344 580.9218 2169.2344 788.92175 1875.078 788.92175 CHANGEDIRE
Zone: 1634.1562 548.0 1720.3125 340.00006 1961.2344 580.9218 1875.078 788.92175 UPDIAG
RectPath: 1634.1562 788.92175 240.92175 361.2345 false
TriPath: 1634.1562 548.0 1634.1562 788.92175 1875.078 788.92175 false
TriPath: 1720.3125 340.00006 1961.2344 340.00006 1961.2344 580.9218 true
RectPath: 1720.3125 -227.07812 240.92188 567.0782 true
Zone: 2001.2344 580.9218 2295.3906 580.9218 2087.3906 788.92175 1793.2345 788.92175 CHANGEDIRE
Zone: 1961.2344 580.9218 2001.2344 580.9218 2087.3906 788.92175 1875.078 788.92175 RIGHT
RectPath: 1875.078 788.92175 212.31262 361.2345 false
RectPath: 1961.2344 -227.07812 40.0 807.99994 true
Zone: 2348.3125 233.84375 2495.3906 380.92188 2348.3125 528.0 2201.2344 380.92188 CHANGEDIRE
Zone: 2348.3125 233.84375 2348.3125 528.0 2087.3906 788.92175 2001.2344 580.9218 DOWNDIAG
RectPath: 2001.2344 -227.07812 347.07812 460.92188 true
TriPath: 2001.2344 580.9218 2001.2344 233.84375 2348.3125 233.84375 true
TriPath: 2087.3906 788.92175 2348.3125 788.92175 2348.3125 528.0 false
RectPath: 2087.3906 788.92175 260.92188 361.2345 false
Zone: 2695.3906 580.9219 2842.4688 728.0 2695.3906 875.0781 2548.3125 728.0 CHANGEDIRE
Zone: 2348.3125 528.0 2348.3125 233.84375 2695.3906 580.9219 2695.3906 875.0781 UPDIAG
RectPath: 2348.3125 875.0781 347.07812 275.07812 false
TriPath: 2348.3125 528.0 2348.3125 875.0781 2695.3906 875.0781 false
TriPath: 2348.3125 233.84375 2695.3906 233.84375 2695.3906 580.9219 true
RectPath: 2348.3125 -227.07812 347.07812 460.92188 true
Zone: 3016.3125 260.00006 3310.4688 260.00006 3102.4688 467.99994 2808.3125 467.99994 CHANGEDIRE
Zone: 3016.3125 260.00006 3102.4688 467.99994 2695.3906 875.0781 2695.3906 580.9219 DOWNDIAG
RectPath: 2695.3906 875.0781 407.07812 275.07812 false
TriPath: 2695.3906 875.0781 3102.4688 875.0781 3102.4688 467.99994 false
TriPath: 2695.3906 580.9219 2695.3906 260.00006 3016.3125 260.00006 true
RectPath: 2695.3906 -227.07812 320.92188 487.0782 true
Zone: 3016.3125 260.00006 3016.3125 260.00006 3102.4688 467.99994 3102.4688 467.99994 RIGHT
RectPath: 3016.3125 -227.07812 0.0 487.0782 true
RectPath: 3102.4688 467.99994 0.0 682.1563 false
Zone: 3016.3125 260.00006 3900.0 260.00006 3900.0 467.99994 3102.4688 467.99994 RIGHT
RectPath: 3016.3125 -227.07812 883.6875 487.0782 true
RectPath: 3102.4688 467.99994 797.53125 682.1563 false
TopOfLevel: 1000.15625
BottomOfLevel: -77.078125
