RectPath: 0.0 0.0 700.0 1459.4111 false
Zone: 700.0 240.0 1019.4112 240.0 920.0 480.0 700.0 480.0 1
RectPath: 700.0 -200.0 319.4112 440.0 true
RectPath: 700.0 480.0 220.0 979.41113 false
Zone: 1019.4112 240.0 1349.7056 570.2944 1250.2944 810.2944 920.0 480.0 0
RectPath: 920.0 810.2944 330.29443 649.11676 false
TriPath: 920.0 480.0 920.0 810.2944 1250.2944 810.2944 false
TriPath: 1019.4112 240.0 1349.7056 240.0 1349.7056 570.2944 true
RectPath: 1019.4112 -200.0 330.29437 440.0 true
Zone: 1349.7056 570.2944 1369.7056 570.2944 1469.1167 810.2944 1250.2944 810.2944 1
RectPath: 1250.2944 810.2944 218.82227 649.11676 false
RectPath: 1349.7056 -200.0 20.0 770.2944 true
Zone: 1369.7056 570.2944 1599.4111 340.58887 1599.4111 680.00006 1469.1167 810.2944 0
RectPath: 1369.7056 -200.0 229.70557 540.58887 true
TriPath: 1369.7056 570.2944 1369.7056 340.58887 1599.4111 340.58887 true
TriPath: 1469.1167 810.2944 1599.4111 810.2944 1599.4111 680.00006 false
RectPath: 1469.1167 810.2944 130.29443 649.11676 false
Zone: 1599.4111 340.58887 1949.1167 690.29443 1949.1167 1029.7056 1599.4111 680.00006 0
RectPath: 1599.4111 1029.7056 349.70557 429.70557 false
TriPath: 1599.4111 680.00006 1599.4111 1029.7056 1949.1167 1029.7056 false
TriPath: 1599.4111 340.58887 1949.1167 340.58887 1949.1167 690.29443 true
RectPath: 1599.4111 -200.0 349.70557 540.58887 true
Zone: 1949.1167 690.29443 2578.8223 60.588867 2578.8223 400.0 1949.1167 1029.7056 0
RectPath: 1949.1167 1029.7056 629.70557 429.70557 false
TriPath: 1949.1167 1029.7056 2578.8223 1029.7056 2578.8223 400.0 false
TriPath: 1949.1167 690.29443 1949.1167 60.588867 2578.8223 60.588867 true
RectPath: 1949.1167 -200.0 629.70557 260.58887 true
Zone: 2578.8223 60.588867 2948.5278 430.29443 2948.5278 769.70557 2578.8223 400.0 0
RectPath: 2578.8223 769.70557 369.70557 689.70557 false
TriPath: 2578.8223 400.0 2578.8223 769.70557 2948.5278 769.70557 false
TriPath: 2578.8223 60.588867 2948.5278 60.588867 2948.5278 430.29443 true
RectPath: 2578.8223 -200.0 369.70557 260.58887 true
Zone: 2948.5278 430.29443 3098.8223 280.00003 3198.2334 519.99994 2948.5278 769.70557 0
RectPath: 2948.5278 769.70557 249.70557 689.70557 false
TriPath: 2948.5278 769.70557 3198.2334 769.70557 3198.2334 519.99994 false
TriPath: 2948.5278 430.29443 2948.5278 280.00003 3098.8223 280.00003 true
RectPath: 2948.5278 -200.0 150.29443 480.00003 true
Zone: 3098.8223 280.00003 3900.0 280.00003 3900.0 519.99994 3198.2334 519.99994 1
RectPath: 3098.8223 -200.0 801.17773 480.00003 true
RectPath: 3198.2334 519.99994 701.7666 939.4112 false
