RectPath: 0.0 0.0 700.0 800.0 false
Zone: 700.0 300.0 850.0847 149.91525 707.369 320.91525 700.0 328.2843 0
RectPath: 700.0 328.2843 7.3690186 471.7157 false
TriPath: 700.0 328.2843 707.369 328.2843 707.369 320.91525 false
TriPath: 700.0 300.0 700.0 149.91525 850.0847 149.91525 true
RectPath: 700.0 0.0 150.08472 149.91525 true
Zone: 850.0847 149.91525 948.0847 149.91525 1147.3689 320.91525 707.369 320.91525 1
RectPath: 707.369 320.91525 439.99988 479.08475 false
RectPath: 850.0847 0.0 98.0 149.91525 true
Zone: 948.0847 149.91525 1138.1694 340.0 1337.4536 511.0 1147.3689 320.91525 0
RectPath: 948.0847 0.0 190.08472 149.91525 true
TriPath: 948.0847 149.91525 1138.1694 149.91525 1138.1694 340.0 true
TriPath: 1147.3689 320.91525 1147.3689 511.0 1337.4536 511.0 false
RectPath: 1147.3689 511.0 190.08472 289.0 false
Zone: 1138.1694 340.0 1287.1694 340.0 1486.4536 511.0 1337.4536 511.0 1
RectPath: 1337.4536 511.0 149.0 289.0 false
RectPath: 1138.1694 0.0 149.0 340.0 true
Zone: 1287.1694 340.0 1537.2542 590.0847 1736.5383 761.0847 1486.4536 511.0 0
RectPath: 1287.1694 0.0 250.08472 340.0 true
TriPath: 1287.1694 340.0 1537.2542 340.0 1537.2542 590.0847 true
TriPath: 1486.4536 511.0 1486.4536 761.0847 1736.5383 761.0847 false
RectPath: 1486.4536 761.0847 250.08472 38.915283 false
Zone: 1537.2542 590.0847 1637.2542 590.0847 1494.5383 761.0847 1736.5383 761.0847 1
RectPath: 1736.5383 761.0847 -242.0 38.915283 false
RectPath: 1537.2542 0.0 100.0 590.0847 true
Zone: 1637.2542 590.0847 1576.3389 651.0 1604.623 650.9999 1494.5383 761.0847 0
RectPath: 1494.5383 761.0847 110.08472 38.915283 false
TriPath: 1494.5383 761.0847 1604.623 761.0847 1604.623 650.9999 false
TriPath: 1637.2542 590.0847 1637.2542 651.0 1576.3389 651.0 true
RectPath: 1637.2542 0.0 -60.915283 651.0 true
Zone: 1576.3389 651.0 1555.4236 630.0847 1754.7078 801.08466 1604.623 650.9999 0
RectPath: 1576.3389 801.08466 178.3689 -1.0846558 false
TriPath: 1604.623 650.9999 1604.623 801.08466 1754.7078 801.08466 false
TriPath: 1576.3389 651.0 1555.4236 651.0 1555.4236 630.0847 true
RectPath: 1576.3389 0.0 -20.915283 651.0 true
Zone: 1555.4236 630.0847 1575.4236 630.0847 1432.7078 801.08466 1754.7078 801.08466 1
RectPath: 1754.7078 801.08466 -322.0 -1.0846558 false
RectPath: 1555.4236 0.0 20.0 630.0847 true
Zone: 1575.4236 630.0847 1694.5083 511.0 1722.7925 510.99988 1432.7078 801.08466 0
RectPath: 1432.7078 801.08466 290.08472 -1.0846558 false
TriPath: 1432.7078 801.08466 1722.7925 801.08466 1722.7925 510.99988 false
TriPath: 1575.4236 630.0847 1575.4236 511.0 1694.5083 511.0 true
RectPath: 1575.4236 0.0 119.08472 511.0 true
Zone: 1694.5083 511.0 1793.593 610.0847 1821.8772 610.0847 1722.7925 510.99988 0
RectPath: 1694.5083 610.0847 99.08472 189.91528 false
TriPath: 1722.7925 510.99988 1722.7925 610.0847 1821.8772 610.0847 false
TriPath: 1694.5083 511.0 1793.593 511.0 1793.593 610.0847 true
RectPath: 1694.5083 0.0 99.08472 511.0 true
Zone: 1793.593 610.0847 2163.6777 239.99997 2020.962 410.9999 1821.8772 610.0847 0
RectPath: 1793.593 0.0 370.08472 239.99997 true
TriPath: 1793.593 610.0847 1793.593 239.99997 2163.6777 239.99997 true
TriPath: 1821.8772 610.0847 2020.962 610.0847 2020.962 410.9999 false
RectPath: 1821.8772 610.0847 199.08484 189.91528 false
Zone: 2163.6777 239.99997 2312.6777 239.99997 2169.962 410.9999 2020.962 410.9999 1
RectPath: 2020.962 410.9999 148.99988 389.0001 false
RectPath: 2163.6777 0.0 149.0 239.99997 true
Zone: 2312.6777 239.99997 2482.7625 69.91522 2340.0466 240.91524 2169.962 410.9999 0
RectPath: 2169.962 410.9999 170.08472 389.0001 false
TriPath: 2169.962 410.9999 2340.0466 410.9999 2340.0466 240.91524 false
TriPath: 2312.6777 239.99997 2312.6777 69.91522 2482.7625 69.91522 true
RectPath: 2312.6777 0.0 170.08472 69.91522 true
Zone: 2482.7625 69.91522 2660.7625 69.91522 2860.0466 240.91524 2340.0466 240.91524 1
RectPath: 2340.0466 240.91524 520.0 559.0848 false
RectPath: 2482.7625 0.0 178.0 69.91522 true
Zone: 2660.7625 69.91522 3030.8472 439.99997 3230.1313 610.99994 2860.0466 240.91524 0
RectPath: 2660.7625 0.0 370.08472 69.91522 true
TriPath: 2660.7625 69.91522 3030.8472 69.91522 3030.8472 439.99997 true
TriPath: 2860.0466 240.91524 2860.0466 610.99994 3230.1313 610.99994 false
RectPath: 2860.0466 610.99994 370.08472 189.00006 false
Zone: 3030.8472 439.99997 3900.0 439.99997 3900.0 610.99994 3230.1313 610.99994 1
RectPath: 3230.1313 610.99994 669.86865 189.00006 false
RectPath: 3030.8472 0.0 869.15283 439.99997 true
